30.470250817
15.173647226
30.47718113
30.535691398
30.437992236
15.058596018
15.147338966
30.538947928
30.504217544
30.525329215
30.491174408
15.263886396
15.117443693
15.239330023
15.056071581
15.119025354
30.491564916
30.429591736
30.540602038
30.540809102
30.314162952
30.539079141
30.542645862
30.586495009
30.323504957
15.118372963
30.550355422
15.224275626
31.073498976
30.541383949
30.51715381
30.451289394
30.570497063
30.556521555
30.654636117
30.434666653
30.363867016
30.39409018
30.900741873
30.938541763
31.073270669
30.750622613
30.831032852
31.153296425
31.036489087
30.991031508
31.002461641
30.954102722
30.742177914
31.060323997
31.178990152
31.165991419
30.667559908
30.581170156
30.964962594
15.805060067
15.082771407
31.13144743
31.158625962
31.168599194
30.60454862
30.891907934
15.44804193
30.780851901
30.657006276
15.965720255
30.957771056
30.89334751
30.600684636
31.702528454
31.57875593
31.765508951
31.111552187
30.646078346
31.366758826
31.037397306
31.55057287
31.957661848
15.183971823
31.281225641
31.686066894
30.648162764
30.526645098
30.73057086
30.526033762
30.578206811
30.496407028
30.678779331
30.45923665
30.633056669
30.56863024
30.639008387
30.438423
30.566426536
30.561715367
30.643102876
30.37252466
30.61777863
30.475475204
30.574288966
15.212155909
15.200332457
15.217851913
15.233164116
30.501405564
30.398697489
30.682023025
30.51776939
30.505005356
30.541230451
30.516514541
30.346042398
30.712949489
30.364448402
30.532772781
30.435037487
30.52652788
30.57786366
30.557234095
30.607082707
30.32449555
30.400038174
30.381598371
30.862811811
30.74598573
30.531169542
30.558091367
30.505428693
30.424871907
30.446868526
30.562627706
30.5370647
30.409356175
30.588804668
15.16657683
15.224157083
15.228391055
15.148097097
15.193404846
15.23401608
15.084705883
15.148962309
30.393065211
30.57588134
30.569179475
30.446213134
30.465734204
30.598106849
15.088931256
15.13000401
15.217428462
15.186863005
15.1314292
15.092802212
15.314891588
15.091233273
15.195427187
15.218728079
14.963097132
15.163679147
30.266187172
30.590623572
30.475021243
15.571538151
30.628352201
30.550510314
30.432302299
30.531580215
30.47270702
15.302439375
30.561060032
15.265739831
15.126418705
15.109703458
15.27437891
30.598443821
15.149081244
30.926302699
30.703370245
30.562984564
15.203934568
30.562049154
30.088868032
15.212201143
15.096951359
30.602100488
15.143531539
30.544753272
30.440064573
30.30669622
30.589033041
30.472398875
31.049837952
30.451695125
30.493737784
30.49593437
30.357855144
30.229045602
30.547923883
30.548755688
30.658543144
30.275220762
30.495740237
30.525216879
30.324202615
30.723326404
30.547232642
30.488076166
30.45440812
30.463225383
30.513689495
30.686358725
30.436884264
30.645444928
30.488079418
30.393122028
30.48237646
30.438993189
30.49477766
30.532020664
30.372766505
30.50984181
30.365008851
30.445527337
30.538348437
30.502854493
30.462692988
30.61841286
30.447734206
30.52833371
30.396501976
30.622691809
30.453676938
15.094769116
15.198944686
30.377785142
30.543694242
15.028588606
15.121051516
30.406559057
30.518889958
15.140864702
15.075211122
15.420846333
15.067639605
15.292788587
15.244549911
30.603397827
30.270593978
30.613797749
30.541606339
30.709217447
30.369974218
30.596062968
30.481511073
30.40170688
30.377445542
30.496367122
30.467653979
30.548606394
30.436864632
30.487528239
30.337868015
30.489520489
30.51010613
30.379698174
30.279069048
30.44391523
30.407641233
30.514984755
30.936320008
30.490215333
30.466423093
30.363025698
30.497025657
30.595409864
30.490093816
30.445110898
30.472021928
30.452870259
30.480041353
30.335167955
30.587757631
30.465365625
30.446332106
30.489802313
30.398819809
30.354699381
30.450701921
30.528306602
30.318055735
30.471766911
30.419418524
30.439785153
30.477778229
30.307439722
30.333460959
30.878880369
30.517906259
30.427108087
30.813546877
30.537716367
30.924707721
31.215065672
31.54193928
31.573365392
31.217221573
30.548704489
30.525252782
30.497523286
30.429056328
30.494394217
15.080005999
15.449628176
30.433160947
