0.85395
0.81658
0.86547
0.85559
0.86015
0.79448
0.81989
0.83698
0.83255
0.86956
0.85395
0.79274
0.80047
0.8033
0.81139
0.80858
0.86348
0.86001
0.98735
0.99135
0.85395
0.81635
0.85395
0.84931
0.82837
0.82187
0.85395
0.81658
0.85395
0.85395
0.84931
0.85395
0.84931
0.93236
0.92088
0.87145
0.86723
0.85147
0.8504
0.85395
0.85395
0.85349
0.85395
0.85395
0.85049
0.85395
0.85049
0.86242
0.8614
0.85395
0.85599
0.84402
0.83789
0.8379
0.83485
0.81386
0.81339
0.85395
0.85349
0.85051
0.85159
0.82183
0.79274
0.82183
0.84072
0.80462
0.82183
0.83899
0.82183
0.82183
0.82183
0.83699
0.82183
0.83702
0.82183
0.83682
0.82186
0.83691
0.81996
0.83158
0.83427
0.82187
0.83704
0.83211
0.82183
0.82183
0.82183
0.82183
0.82183
0.82183
0.82182
0.83246
0.83129
0.83583
0.83255
0.83253
0.83698
0.83694
0.86956
0.86956
0.80145
0.80134
0.80413
0.8065
1.11004
1.54666
0.82183
0.82183
0.83701
0.83696
0.83152
0.83152
0.83248
0.8325
0.83695
0.83697
0.86946
0.86951
0.82183
0.82183
0.837
0.83695
0.83153
0.83153
0.83253
0.83256
0.83696
0.83696
0.86947
0.8695
0.86038
0.86038
0.86038
0.85864
0.80716
0.8086
0.80375
0.80467
0.79447
0.79734
0.79447
0.79735
0.83695
0.83698
0.86949
0.86952
0.83251
0.83255
0.82149
0.80331
0.79467
0.80297
0.80289
0.79467
0.80239
0.80262
0.79448
0.80896
0.81
0.7969
0.85684
0.86678
0.83252
0.81927
0.88817
0.83722
0.90823
0.93029
0.86945
0.81582
0.82391
0.80085
0.81231
0.81531
0.80041
1.00206
0.81881
1.21565
1.00143
0.92123
0.8191
1.03839
0.92095
0.82213
0.82229
0.82539
0.80363
0.89177
0.86665
0.89501
0.89238
0.89223
0.83481
0.82416
0.83599
0.83273
0.83277
0.83448
0.82414
0.83538
0.82979
0.83265
0.93714
0.89767
0.93964
0.93557
0.93559
0.96509
0.92087
0.96269
0.96244
0.96252
1.05198
0.9851
1.05293
1.04858
1.04857
0.91674
0.88814
0.91913
0.9165
0.91635
0.89949
0.86992
0.87394
0.85064
0.87639
0.87376
0.87361
0.96259
0.92234
0.83058
0.83029
0.80155
0.80081
0.83028
0.83028
0.80181
0.80051
0.83785
0.83482
0.81175
0.81613
0.79274
0.79274
0.79274
0.79274
1.30192
1.1948
1.30087
1.29773
1.29772
1.11236
1.03303
1.11131
1.10827
1.10826
0.83125
0.83129
0.86007
0.86732
0.86007
0.86694
0.86009
0.86809
0.86009
0.86696
0.86674
0.86682
0.86002
0.86682
0.86678
0.86005
0.86004
0.86685
0.86007
0.86802
0.86007
0.86688
0.86009
0.86822
0.86009
0.86072
0.87332
0.86913
0.87026
0.86686
0.86007
0.86735
0.86007
0.86694
0.86009
0.86927
0.86923
0.86009
0.86696
0.86674
0.86674
0.86682
0.86002
0.86682
0.86679
0.86679
0.86005
0.86004
0.86685
0.86686
0.86687
0.86682
0.86685
0.86798
0.86681
0.80361
0.79274
0.86009
