17.13407
16.225926
17.299304
17.16679
17.246446
16.167394
16.27994
17.184292
17.224963
17.178448
17.115098
16.299437
16.309565
16.200506
16.298354
16.298097
17.169454
17.143608
17.134926
17.223495
17.27648
17.121471
17.186377
17.286083
17.164958
16.286796
17.15646
16.233066
17.178452
17.19484
17.16906
17.231943
17.151258
17.140184
17.243703
17.233391
17.263714
17.241625
17.209314
17.164247
17.075711
17.241679
17.225578
17.215193
17.153983
17.21693
17.184236
17.094663
17.143062
17.184125
17.134291
17.242787
17.183159
17.045985
17.192056
16.238737
16.23342
17.1631
17.229328
17.175924
17.168604
17.127197
16.240024
17.139754
17.085269
16.26254
17.110802
17.208482
17.169991
17.122536
17.119992
17.240512
17.27921
17.16279
17.186808
17.12838
17.242531
17.215964
16.415871
17.268028
17.236438
17.213619
17.206802
17.174484
17.136733
17.189473
17.229473
17.197717
17.146795
17.175368
17.137972
17.218883
17.19645
17.082825
17.165957
17.276561
17.268379
17.16007
17.195196
17.258743
16.312117
16.264495
16.264743
16.284942
17.20095
17.222375
17.189714
17.139044
17.125405
17.197057
17.220832
17.140923
17.220143
17.197999
17.218017
17.158663
17.278422
17.139389
17.15672
17.166297
17.254637
17.213582
17.201638
17.399615
17.166518
17.149747
17.168922
17.254393
17.171816
17.138765
17.205547
17.185091
17.140714
17.1252
16.253135
16.263068
16.270017
16.1857
16.283953
16.187529
16.237171
16.385909
17.174672
17.205997
17.300821
17.157624
17.194181
17.207632
16.259823
16.18911
16.265174
16.249716
16.261795
16.290939
16.264725
16.210872
16.463728
16.28665
16.371411
16.206368
17.239862
17.14164
17.238695
16.187828
17.176599
17.18377
17.124939
17.188067
17.168351
16.447444
17.221932
16.217492
16.269332
16.176749
16.291321
17.163657
16.315379
17.197753
17.115569
17.222215
16.289765
17.222027
17.192072
16.235434
16.258843
17.155702
16.219259
17.161193
17.18596
17.126402
17.110049
17.223594
17.19062
17.192397
17.17776
17.180317
17.18809
17.194957
17.110887
17.100656
17.27404
17.18304
17.11728
17.170495
17.271477
17.116134
17.180318
17.16828
17.252943
17.175456
17.188043
17.189431
17.127395
17.209518
17.175866
17.148015
17.177693
17.142329
17.192798
17.160373
17.208668
17.111112
17.119563
17.231931
17.201438
17.164298
17.220983
17.171022
17.210642
17.198177
17.220011
17.391408
17.175236
16.255254
16.322399
17.207583
17.151065
16.217378
16.245006
17.118357
17.113492
16.245942
16.24207
16.261742
16.297183
16.321869
16.153672
17.109725
17.301773
17.409577
17.35784
17.230898
17.121868
17.166701
17.285407
17.137948
17.149349
17.126242
17.162699
17.212017
17.229882
17.159751
17.238419
17.261831
17.217012
17.069493
17.263125
17.167909
17.119585
17.206828
17.17284
17.305601
17.129305
17.249045
17.222368
17.123802
17.167513
17.197537
17.276583
17.144644
17.341068
17.212443
17.195015
17.230473
17.233212
17.212204
17.248163
17.258476
17.401002
17.182848
17.175866
17.18243
17.095102
17.210334
17.151346
17.18906
17.158317
17.147997
17.156655
17.206612
17.15403
17.126394
17.164228
17.204888
17.160117
17.105966
17.097411
17.178153
17.192094
17.156923
17.136905
17.170719
16.335108
16.258693
17.154553
