0.172
0.188
0.179
0.176
0.185
0.184
0.186
0.192
0.178
0.175
0.178
0.18
0.188
0.25
0.257
0.173
0.186
0.174
0.187
0.202
0.516
0.256
0.175
0.253
0.18
0.186
0.176
0.331
0.171
0.175
0.176
0.178
0.177
0.179
0.177
0.174
0.184
0.18
0.185
0.194
0.186
0.177
0.18
0.179
0.188
0.281
0.173
0.18
0.187
0.186
0.177
0.182
0.173
0.242
0.18
0.188
0.188
0.171
0.172
0.267
0.186
0.172
0.258
0.186
0.182
0.188
0.18
0.262
0.182
0.175
0.333
0.173
0.177
0.197
0.176
0.178
0.175
0.182
0.175
0.177
0.202
0.174
0.186
0.179
0.18
0.237
0.178
0.19
0.202
0.177
0.17
0.173
0.185
0.174
0.174
0.173
0.19
0.184
0.178
0.175
0.176
0.277
0.173
0.172
0.18
0.185
0.184
0.516
0.171
0.175
0.188
0.178
0.173
0.175
0.191
0.181
0.169
0.175
0.19
0.182
0.25
0.185
0.186
0.177
0.189
0.189
0.184
0.173
0.19
0.337
0.179
0.253
0.176
0.175
0.17
0.193
0.172
0.181
0.173
0.176
0.178
0.174
0.174
0.187
0.177
0.186
0.196
0.171
0.181
0.25
0.172
0.265
0.19
0.171
0.173
0.179
0.176
0.186
0.191
0.177
0.176
0.181
0.174
0.176
0.171
0.172
0.184
0.18
0.177
0.21
0.26
0.169
0.178
0.177
0.171
0.187
0.181
0.19
0.198
0.187
0.179
0.219
0.182
0.174
0.179
0.197
0.174
0.168
0.186
0.175
0.182
0.332
0.177
0.171
0.191
0.171
0.178
0.177
0.182
0.177
0.333
0.191
0.318
0.323
0.2
0.199
0.198
0.2
0.243
0.197
0.17
0.211
0.18
0.31
0.185
0.184
0.171
0.176
0.189
0.172
0.172
0.174
0.172
0.179
0.186
0.185
0.133
0.133
0.173
0.172
0.201
0.173
0.176
0.174
0.179
0.194
0.176
0.176
0.187
0.188
0.197
0.18
0.179
0.183
0.191
0.175
0.185
0.2
0.175
0.18
0.176
0.174
0.175
0.239
0.197
0.21
0.2
0.187
0.185
0.181
0.251
0.176
0.173
0.181
0.184
0.18
0.179
0.183
0.172
0.185
0.175
0.17
0.179
0.173
0.175
0.17
0.171
0.276
0.167
0.173
0.174
0.183
0.194
0.255
0.408
0.176
0.184
0.195
0.185
0.218
0.218
0.184
0.18
0.174
0.174
0.177
0.187
0.192
0.216
0.175
0.185
0.183
0.178
0.216
0.174
0.176
0.182
0.177
0.217
0.218
0.173
0.189
0.201
0.185
0.175
0.184
0.178
0.176
0.174
0.176
0.178
0.172
0.183
0.182
0.187
0.173
0.177
0.179
0.181
0.21
0.19
0.194
0.2
0.173
0.173
0.178
0.186
0.173
0.178
0.174
0.175
0.172
0.178