11.468
13.887
11.719
11.223
13.681
11.695
13.381
13.554
12.371
11.611
11.694
11.705
13.36
15.674
15.142
11.103
12.733
10.793
13.167
13.564
15.091
13.875
11.317
15.089
12.772
13.336
11.808
12.663
10.768
11.383
11.739
11.769
11.539
11.713
11.975
10.842
12.502
12.498
13.055
11.738
13.472
12.173
11.941
11.72
13.659
15.511
10.937
11.571
13.795
13.395
12.065
11.822
11.524
14.478
12.154
13.592
12.666
11.058
11.675
19.773
13.13
11.242
13.839
13.564
12.82
12.983
12.671
15.491
11.408
11.263
13.452
10.631
11.713
13.662
11.715
11.664
10.69
13.087
11.552
11.812
12.944
11.275
13.29
12.449
11.833
12.039
11.398
13.575
10.857
12.107
11.004
10.797
13.35
11.336
11.361
11.499
13.66
13.245
11.428
11.321
11.914
16.599
11.305
11.583
12.757
13.325
13.277
13.249
11.35
11.636
11.812
11.593
10.913
11.729
13.237
11.892
10.697
12.061
13.894
12.263
16.403
12.773
13.325
11.277
13.845
13.032
11.657
11.564
11.103
19.091
12.095
15.469
11.563
11.841
10.941
13.377
11.017
11.42
11.494
12.345
11.803
11.234
11.296
13.552
11.991
12.935
12.626
10.563
12.277
15.074
11.377
16.43
13.113
11.244
11.851
11.959
13.46
13.067
10.988
11.67
11.956
12.749
10.782
11.801
11.644
11.202
12.321
12.445
12.27
12.099
15.493
10.79
11.727
12.08
11.113
13.507
12.459
13.155
11.136
13.661
11.803
14.432
12.35
12.286
12.213
12.725
11.509
11.126
13.082
11.325
12.961
18.88
11.02
11.397
13.686
11.313
12.314
12.31
11.983
13.618
13.394
11.934
16.164
16.099
13.906
13.464
13.837
13.633
14.73
13.475
10.414
11.901
12.071
15.454
13.107
12.536
11.037
11.345
13.538
11.003
11.159
11.159
11.361
12.279
12.833
12.386
8.458
8.447
11.47
11.115
13.768
11.045
11.558
11.424
11.835
13.815
11.729
11.592
11.825
13.519
13.202
14.707
11.402
11.817
11.882
11.911
13.566
13.639
10.784
11.259
12.118
11.037
11.15
14.604
13.745
13.366
13.541
13.229
12.584
11.932
15.156
11.56
10.922
11.239
13.066
12.306
11.883
12.183
11.088
11.903
11.016
10.748
11.943
11.089
11.35
10.653
10.684
16.046
10.693
11.195
10.959
11.69
13.698
14.609
17.623
11.573
11.643
11.727
12.378
14.412
13.544
12.112
12.383
10.662
11.398
12.886
12.666
13.551
13.191
11.589
12.353
12.626
12.326
13.892
10.692
11.221
11.781
11.486
14.493
13.514
10.693
10.705
13.616
12.382
11.762
12.232
11.635
11.531
11.063
11.172
10.912
11.401
12.645
12.446
12.592
11.534
10.604
12.057
12.589
12.004
11.985
14.573
13.61
11.162
10.921
12.003
12.85
10.697
11.434
11.674
11.127
12.657
11.74