0.016762592
0.015702742999999998
0.07742454700000001
0.031997669
0.015671821
0.016762924000000002
0.016759544
0.030282022999999998
0.015732023
0.016795788000000002
0.015680271
0.016776318
0.015680542000000002
0.015659167999999998
0.049328572
0.015672560000000002
0.016761912
0.01685484
0.016787383
0.016789323
0.016765411
0.016796645000000002
0.016754826
0.016840271
0.016757033
0.015663567
0.016837993000000002
0.016745965
0.016763286000000002
0.015672802
0.030238934000000002
0.016751554
0.015657872
0.01675654
0.015667479
0.031115948
0.016780266999999998
0.015659283
0.35875491
0.015684713
0.016836921
0.016740478
0.016784018
0.016772521999999998
0.016752493
0.016754972
0.016776258
0.015682769
0.14517720499999998
0.016801662000000002
0.031938177
0.016754193
0.016800339999999997
0.015716409
0.016917056
0.016761357
0.016792447
0.015673111
0.01567421
0.015669692
0.016761823
0.016794905
0.065706665
0.030255118
0.015707357999999998
0.01567954
0.016745304000000003
0.079092736
0.015664975
0.016781979
0.016798992
0.015685967
0.080850193
0.016767703999999998
0.016752849
0.016759619
0.016751336
0.016790776
0.048292431000000004
0.016759792000000003
0.016767358000000003
0.048286255
0.016752980999999997
0.016777674
0.016787794999999998
0.01566836
0.015670472
0.016734185
0.016814831000000002
0.016752310000000003
0.01573449
0.01676842
0.015666708
0.016748656
0.015681166
0.016789467
0.016745729
0.01675919
0.01678631
0.016758117
0.016759391000000002
0.016789768
0.016793883000000003
0.04935909
0.016812927999999998
0.01677717
0.033272124
0.015669779
0.016764110999999998
0.016791847000000002
0.01677619
0.016803867
0.015677244
0.015662677
0.016739711
0.015784463000000002
0.016765613999999998
0.0791413
0.016757006
0.016763055000000002
0.01578562
0.016777058
0.015653136
0.01684833
0.052961308000000006
0.018627262000000002
0.06968930500000001
0.018418029
0.018684016
0.03432982
0.018994327
0.019001221000000002
0.017553978
0.034268520000000004
0.034327492
0.018633563
0.017483158
0.036784285
0.036978386999999995
0.070358397
0.035093497
0.018563686
0.018415558999999998
0.019050682
0.018570307
0.018681134
0.019149918
0.018964415
0.018708889
0.12780867
0.164937215
0.036659104
0.037306315
0.036982922
0.01870195
0.018805323999999998
0.017336347
0.019261315
0.018585925
0.019081643
0.018641577000000003
0.034201558
0.017663233
0.017531006999999998
0.034425402
0.019290366
0.019063284
0.019213211
0.01913664
0.018941048999999998
0.055577554999999994
0.017670044
0.055977619
0.04931500900000001
0.06472596900000001
0.016757126
0.016908169
0.015684602
0.015656145
0.049379578
0.06565588800000001
0.016743136
0.016752396
0.029548572
0.016774973
0.01674447
0.065614042
0.065647361
0.015663406
0.031085697
0.016786746
0.016760691999999997
0.015678489
0.015666804
0.031999124999999996
0.015696448
0.016808776
0.080823639
0.033086042999999996
0.049405851
0.049369390000000006
0.0167543
0.049496467
0.077446524
0.065637294
0.07991102700000001
0.015666598
0.015656855
0.030295438
0.016818773
0.081886844
0.081917221
0.028602734
0.016772659999999998
0.015763961
0.01566809
0.030252829
0.048223771
0.032000215
0.016787465999999997
0.07660449
0.016751095
0.016079699000000003
0.08084353799999999
0.080880207
0.065617556
0.030261562000000002
0.031995334
0.016790728
0.016764862999999998
0.015725888
0.015701800000000002
0.049361038999999995
0.049330366
0.015670097
0.033026322999999996
0.016762256
0.016792419
0.015667831
0.015693287
0.048271079
0.04734548
0.033078508
0.016759956
0.015695792
0.016758889
0.015738633999999998
0.015703769
0.015676896
0.016781373999999998
0.016743117999999998
0.030287845999999997
0.016764533
0.030254491999999997
0.015700753
0.016750469
0.016804747
0.029586666
0.029548748
0.049363027000000004
0.04835519
0.048273391
0.016763133
0.016783822
0.016790471