112.0157646
54.169645739
447.787324756
165.242031033
53.899487175
111.668610435
111.72798924
124.0750487
53.898522021
111.709574523
54.11849875
111.554616994
54.898638414
54.088500879
334.09601715
54.066696173
111.700794646
111.923062667
111.662482713
111.831697032
111.487198898
111.50047132
111.609354423
111.528074596
111.409956874
54.083204967
111.664755112
111.6440528
111.704667865
54.168996023
124.000380874
111.74917151
53.936023586
111.627906123
54.125060578
137.162932564
111.574637124
54.104964062
2445.524976735
54.02395896
112.291188936
111.543082791
111.878357028
111.671578674
111.254264051
111.951937871
111.563079266
53.914453644
915.5920084
111.670654752
165.091640049
111.597892266
111.893330008
53.969499848
111.752094912
111.689828135
111.548778002
54.024981857
54.873033205
54.073747923
111.657911509
111.66535311
445.331464344
123.882183411
53.99701377
54.029169642
111.716748305
457.375019003
54.165634207
111.923150581
111.829317029
54.168171305
503.046359372
111.953547516
111.561905809
111.693884486
111.773781846
111.609784582
276.425685172
113.288775523
111.615269189
276.427217937
111.854408493
111.631557026
111.64021203
54.154023618
53.967646476
111.716079938
112.0381355
111.91373363
54.014668709
111.717990387
53.866577468
111.724063654
54.070886197
111.804094756
111.490737096
111.658066334
111.479461803
111.868365788
111.616279738
111.766193469
111.734077267
333.943367691
113.588505006
111.810997379
222.954547193
54.133649094
111.688753718
111.81889341
111.613471737
111.707565151
54.001548921
53.853759851
111.608732004
54.113827027
111.617720005
457.973607908
111.687050477
111.753009391
53.88698594
111.752671118
54.038562336
111.665638554
314.972939763
127.265346774
393.204824893
126.81863624
126.693345122
155.712495221
126.969178125
127.521695245
61.056071899
155.370294201
155.609358766
126.638299
61.297367611
253.200108117
252.709367547
392.80978008
155.534665334
126.707298581
126.868130287
126.617474427
126.763641627
126.773674828
127.119065486
126.850545833
126.684834861
886.949773493
1136.529400196
187.323961441
253.076196421
253.049846008
126.617937263
126.810153253
61.239147136
126.931012886
126.77313711
126.844573456
126.681097566
141.05566402
61.075563669
61.266901515
134.332745135
127.773009452
127.973753029
129.747477055
127.44850591
127.347171029
380.654735512
61.155328165
379.743543481
334.306356343
388.13404688
111.825252211
111.604214761
53.846949454
53.99737576
333.748814955
445.29815237
111.752015754
111.846758334
117.646801821
111.778626418
111.879519448
444.915414227
444.632212843
54.174972612
137.227135698
111.649819947
111.67357691
54.075864054
53.984181924
164.976623565
54.101165143
112.13559466
500.656549383
222.983059144
333.967501924
337.925932768
112.9506764
334.263792901
447.909239663
445.457482188
470.447595608
54.18773736
54.139611002
124.080425547
112.13388259
555.973239449
557.432215123
114.294464915
111.578602033
54.077182187
54.11798806
124.344497159
276.068294664
164.990351719
111.820039688
446.254008981
111.550012834
53.966977251
498.644952495
498.516787916
445.184025919
124.101396263
165.144286076
111.701072654
111.538077251
55.155106751
54.154456897
333.556745663
336.577407195
53.997367567
222.734725271
111.635335766
111.64206831
54.049306285
54.122163594
276.446051623
248.322414939
224.872781319
111.700802325
53.984810104
111.776312423
53.904465327
54.043579785
54.068953452
111.376816509
111.741227306
124.223348517
111.533677342
123.94100522
54.271475406
111.64380994
111.638582595
119.323971699
117.666812558
334.019171324
276.13842365
276.527470803
111.674321903
111.751241062
111.718686118