7.430672399
7.454828092
61.296855624
7.443577059
7.424301344
7.429411037
7.352544263
7.480357628
7.488219108
7.328559219
7.43215601
7.540761901
7.468500956
7.483784189
61.475394526
7.426531359
7.476421447
7.446370666
14.807366397
7.439359976
7.473779839
7.429422167
7.318916013
7.460861884
7.499173181
7.313877741
7.458107177
7.47299256
7.480426377
7.345029678
29.980108768
7.45432037
7.430658922
14.909168994
7.406327882
14.938489019
7.450585144
7.501734904
542.068436599
7.431543024
14.885464403
7.477720996
7.633562461
7.408088342
7.462003811
7.484720861
7.515992417
7.48407735
128.071844448
7.434084132
7.195965787
7.187084696
7.415466001
7.511984384
14.806810071
7.456448452
7.504106784
7.46354853
7.463831317
7.31483933
7.237851012
61.91170994
14.772800292
7.466951114
7.504218559
7.483778343
62.044162792
7.517160758
7.429604674
7.25686927
7.439524898
128.123126018
7.361652369
7.358143045
7.468703652
7.491196464
7.466310447
7.458389313
7.445113369
30.008769886
7.522828706
14.905385855
7.402785959
7.461338765
7.514749274
7.46841654
7.474508879
7.49609068
7.432642674
7.479017112
7.494645125
7.513581625
7.581457834
7.483871896
7.465782136
7.459083084
7.372474561
14.960109485
7.233107324
7.486135688
7.455468679
61.360855606
7.269145244
7.450224231
7.377647005
7.479310255
7.317842861
7.445269677
14.920090637
7.412764248
7.544792298
7.490091121
7.505042009
7.5038318
7.484868617
61.505756667
7.435018461
7.467561579
7.466095694
7.396381831
7.300856447
7.52664417
127.511379059
7.303813477
7.444761254
7.46034777
7.219773969
7.280888251
7.370524939
7.469280856
7.453827222
7.455731511
61.400975607
7.394829224
7.521321739
7.462148078
7.455420643
7.27137748
7.345365635
7.430831225
7.443257394
7.499760216
7.477183153
7.469471794
7.414942129
7.368166739
7.369977676
7.514701143
7.44363438
7.490093513
7.405767017
7.427800583
7.309625475
7.624699575
7.363153307
30.200542691
15.006162433
7.463892841
7.470173615
7.451384591
7.483056468
7.517614653
7.484693895
14.84632667
7.494761291
7.497756036
7.494091371
7.446590568
7.545119943
7.487130274
14.918462114
7.453609092
62.083048239
14.965199865
7.486724909
7.260866262
30.089643143
30.214178616
7.472817461
7.48382844
14.923650789
14.943026478
7.467507707
14.897373315
7.449922525
7.492801566
7.506343617
7.385773087
7.432461202
7.485045919
7.506850878
7.396190103
128.154689845
129.323101341
14.95852912
7.336609146
7.487720249
7.490684247
7.491477955
7.498664468
7.406343625
14.882583428
15.008566999
7.525622531
30.010221526
7.521450928
7.439456928
14.877255616
14.938007382
7.476030551
7.43482171
29.953234558
7.458207098
7.415433817
7.420969964
61.401427187
61.464150096
7.225183918
7.463885264
7.461205691
7.487284827
7.462242961
29.857312764
7.447869529
14.916202695
14.985980549
7.516978746
14.950839317
7.651144914
62.566719764
62.574877975
7.439186836
15.002740482
7.504525529
7.525760027
7.358606957
7.287497331
7.44028275
7.511212293
7.51075198
14.958303659
7.467036364
61.51585293
61.335305527
14.984496888
62.783861966
61.78502482
62.063331716
157.755348814
7.400342365
7.411180361
29.903925866
61.296513418
61.084426731
15.011273024
14.901633506
7.495280164
7.369525228
61.384614154
7.452989684
7.408345641
7.488701273
128.89413879
7.428051682
7.50608562
61.391748989
61.293704879
187.392681182
14.850459533
14.912868939
7.455884469
7.382906669
7.204701091
7.478159807
61.436981543
61.032463112
7.530031377
7.473786793
7.479921156
7.2743091
7.411398681
7.270155853
61.713412545
29.596291852
7.478286224
7.375653651
7.399573244
7.442517573
7.486712466
7.539849225
7.347352494
7.401922581
7.487632064
30.073993903
7.440309217
14.829104409
7.251264392
7.271145909
7.455546668
7.40000824
7.41828474
61.779580824
61.349759069
7.290819627
7.311141675
7.419322171
7.394456413