0.014444126
0.014349109
0.016984878999999998
0.014461412
0.014552151000000001
0.01467391
0.014657565999999999
0.014349921
0.014378941
0.014567016
0.014660276
0.014489834
0.01449837
0.014466445999999999
0.016852849
0.014506145
0.014518159000000001
0.014295717
0.015709094
0.014405648
0.0144392
0.014511146999999999
0.014395121
0.014299502
0.014467549
0.014338715
0.014457326
0.014352563
0.014539733999999999
0.014827933
0.016061686000000002
0.015449553
0.014522436000000001
0.015015694999999999
0.014458368999999999
0.015113228
0.014475968
0.014603728
0.08634090500000001
0.014364296
0.015155726
0.014452843
0.014399171
0.014377159
0.014300702
0.014414771
0.014570871
0.014591715
0.018160113
0.014308149999999999
0.014404418
0.014555311
0.014455212
0.014642489
0.015155333
0.014419831999999999
0.014423876
0.014522083
0.014454527
0.014354591
0.014341806
0.016954854000000002
0.015121873000000001
0.014372477
0.014479973
0.01440734
0.017332879
0.014426304999999999
0.014457226
0.014373635000000001
0.014387264
0.018154216
0.014329159000000001
0.014512237
0.014442527
0.014519254
0.014477895999999999
0.014383682
0.014598772999999999
0.015972782
0.014462553
0.015113956999999999
0.014254891
0.014302663
0.014678222
0.01438359
0.014341189999999998
0.01475807
0.014375251
0.014444413000000001
0.014531603
0.014675292000000001
0.014408589
0.014236864
0.014553201
0.014645987999999999
0.014491899
0.015087435
0.014237696
0.01436076
0.015122591
0.016987883
0.014420275
0.014355515000000001
0.014388047999999999
0.014480212999999999
0.014563572
0.014359465
0.015135349
0.014269691999999999
0.014409798
0.014464372
0.014451105
0.014331982
0.014387854
0.017082971
0.014318667
0.014241135
0.014439529
0.014389234
0.014385158
0.014425822999999999
0.018230668000000002
0.014313527999999999
0.014259014
0.015526908
0.014493739
0.014415528
0.014380562
0.014331791
0.014696185
0.014612221
0.017044126
0.014315599
0.014438297000000001
0.014363554
0.014335324
0.014524101
0.014582086999999999
0.014290407
0.014386144
0.014306504000000001
0.014541156000000001
0.015145274
0.014577266
0.014538884
0.014593714
0.0144041
0.014372638
0.014593307
0.014330549
0.01435206
0.014305014999999999
0.014274295000000001
0.014490505
0.016536012
0.015117137
0.014524143
0.014396253
0.014677089
0.014472973
0.0143964
0.014459353
0.015375681
0.014478632
0.014376974
0.014280989999999999
0.014403546
0.014353203
0.014385904
0.015185491
0.014304981
0.016965542
0.015395847
0.014393135
0.014374294000000001
0.015970255
0.016101631
0.014419017000000001
0.014473993000000001
0.015263971
0.015305721999999999
0.014435776
0.015109838
0.014481885
0.014463262999999999
0.014304067
0.014429363
0.014427788
0.014427174000000001
0.014420638999999999
0.014419184
0.018236994
0.018288209
0.015175307
0.014475054999999999
0.0143574
0.014339309
0.014430146999999999
0.014263192000000001
0.01440507
0.015024833
0.015236396
0.014413679
0.016273095
0.014587374
0.014233992
0.015269472000000001
0.015210494000000001
0.014369281000000001
0.015046977
0.016088873
0.014347886
0.014492554999999999
0.014370971000000001
0.016984808
0.016888631
0.014334949
0.01484512
0.014409637
0.014382415999999999
0.014493214999999999
0.015918951
0.014450323
0.015070774
0.015196491
0.014712005
0.015213471000000001
0.01456946
0.016965636
0.017201754
0.014399798
0.015459469
0.01438972
0.014397395
0.014303511
0.014431827999999999
0.014517817
0.014304451000000001
0.014385354
0.016005008
0.01434694
0.016962522
0.017032377
0.015927046
0.016855129
0.01692036
0.016964811
0.033392428
0.014720603
0.014414731
0.016034404999999998
0.017099032
0.017122415
0.015068653
0.015106574
0.014367086000000001
0.014537630999999999
0.01706935
0.014503425
0.014568033
0.014290602
0.018092010999999998
0.014597559
0.014315269
0.016998679
0.018168086
0.034487247000000006
0.015455726999999999
0.015254205
0.014350481
0.014701377000000002
0.014369236
0.01435078
0.016987936999999998
0.017168752000000002
0.014349368
0.014454291
0.014626497
0.014423446999999999
0.014446593
0.014493715999999999
0.016909987
0.016208071
0.014576983
0.014443299
0.014514741000000001
0.01452741
0.014390503
0.014595150999999999
0.014288703
0.014601333999999999
0.014646359000000001
0.016056650000000002
0.01436067
0.015344815000000001
0.014337102
0.014378296
0.014507165
0.01435419
0.014435711
0.017081799
0.016923383
0.014372363
0.01449507
0.014442432
0.014308412000000001